C: 1.250000
A: 1.000000
B: 0.750000
