A: 1.111111
C: 1.111111
B: 1.000000
D: 0.777778
