P: 3.727969
O: 1.882169
C: 1.415813
B: 1.319000
N: 1.264388
A: 1.234461
M: 0.953441
L: 0.765495
K: 0.639283
J: 0.548514
I: 0.480014
H: 0.426440
G: 0.383371
F: 0.347984
E: 0.318388
D: 0.293270
