Alice: 2.333333
Dagoberto: 1.000000
Benedito: 0.833333
Carlos: 0.500000
Evandro: 0.333333
