A: 2.455123
P: 2.185494
O: 1.488358
N: 1.186857
L: 1.026922
C: 1.018495
M: 1.015894
B: 0.933905
K: 0.878323
J: 0.750861
I: 0.655272
H: 0.580980
G: 0.521620
F: 0.473136
E: 0.432814
D: 0.395948
